4294967279,131
4294967279,127
4294967279,126
4294967279,125
4294967279,123
4294967279,114
65,4
65,3
65,2
65,1
4294967294,437
4294967278,325
4294967279,259
4294967279,279
4294967279,385
4294967279,319
4294967278,321
4294967279,318
4294967278,320
4294967278,253
4294967279,256
4294967278,249
64,5
4294967279,255
64,4
4294967278,318
64,3
64,2
64,1
4294967279,254
4294967279,252
4294967279,121
4294967279,250
4294967279,251
4294967278,247
4294967278,243
4294967278,241
4294967279,239
4294967279,241
4294967278,317
4294967278,236
4294967279,236
4294967279,232
4294967278,232
4294967278,229
4294967279,228
4294967278,226
4294967278,224
4294967294,115
4294967279,224
4294967278,221
4294967278,222
4294967278,219
4294967278,217
4294967278,218
4294967279,217
4294967278,215
4294967278,213
63,4
63,2
63,1
4294967278,212
4294967279,212
4294967278,210
4294967278,209
4294967278,208
4294967278,207
61,4
4294967278,206
61,3
61,2
61,1
4294967279,207
4294967278,205
4294967278,204
4294967278,346
4294967278,174
4294967278,35
4294967278,33
4294967278,32
4294967278,30
4294967278,29
4294967278,27
4294967279,25
4294967279,17
4294967279,16
4294967279,15
4294967279,14
4294967279,12
4294967294,977
4294967294,1025
4294967278,201
4294967279,201
4294967279,200
4294967278,313
4294967294,409
4294967294,399
4294967294,407
4294967294,398
4294967294,457
4294967294,108
4294967294,408
4294967294,412
4294967294,463
4294967294,453
4294967278,195
4294967278,194
4294967278,193
4294967279,309
4294967278,190
60,5
4294967278,189
60,4
60,3
60,2
60,1
4294967278,188
4294967279,307
4294967278,309
4294967279,305
4294967278,307
4294967279,448
4294967279,260
4294967278,182
4294967279,304
4294967278,306
59,6
59,5
59,4
59,3
59,2
59,1
4294967279,302
4294967278,176
4294967279,301
4294967278,305
4294967278,382
4294967279,300
4294967279,299
4294967278,303
4294967278,170
4294967278,302
4294967279,297
4294967278,165
4294967279,166
4294967294,387
4294967278,162
4294967278,163
4294967279,164
4294967294,186
4294967279,296
4294967278,297
4294967278,381
4294967278,260
4294967279,294
4294967278,158
4294967279,159
4294967278,157
4294967294,37
4294967279,157
4294967278,156
4294967278,295
4294967278,155
4294967279,308
4294967279,153
4294967294,389
4294967279,152
4294967278,149
4294967278,150
4294967278,292
4294967278,34
4294967278,148
4294967278,147
4294967278,291
4294967279,147
4294967278,146
4294967278,31
55,5
55,4
55,3
55,2
55,1
4294967278,290
4294967279,142
4294967294,1433
4294967279,141
4294967278,28
4294967294,1432
4294967278,25
4294967294,392
4294967294,388
4294967294,120
4294967294,114
4294967278,26
4294967278,287
4294967279,26
4294967279,138
4294967294,1431
4294967278,24
4294967278,276
4294967279,24
4294967278,275
4294967279,23
4294967279,275
4294967278,274
4294967279,289
4294967279,273
53,5
4294967279,271
53,4
53,3
53,2
53,1
4294967279,291
4294967278,266
4294967279,266
4294967278,280
4294967279,265
4294967294,984
4294967278,263
4294967279,283
51,4
51,3
51,2
51,1
4294967279,282
4294967294,1011
4294967294,1010
4294967294,1008
4294967294,1007
4294967294,1002
4294967294,991
4294967294,965
4294967294,963
4294967294,962
4294967294,961
4294967294,960
4294967294,60
4294967294,55
4294967294,57
4294967294,61
4294967294,30
4294967294,12
4294967294,18
4294967294,97
4294967294,80
4294967294,895
4294967294,185
4294967294,182
4294967294,176
4294967294,173
4294967294,170
4294967294,1031
4294967294,190
4294967294,162
4294967279,386
4294967279,281
4294967279,280
4294967279,384
4294967279,278
4294967278,380
4294967278,0
4294967294,1430
4294967278,255
4294967279,136
4294967278,322
4294967278,323
4294967278,324
4294967279,258
4294967279,316
4294967279,317
4294967278,319
4294967294,469
4294967278,252
4294967279,284
4294967294,107
4294967294,982
4294967294,29
4294967294,53
4294967294,429
4294967294,42
4294967294,39
4294967294,41
4294967294,36
4294967294,425
4294967294,92
4294967294,90
4294967294,87
4294967294,86
4294967294,84
4294967294,1022
4294967294,1029
4294967294,422
4294967294,976
4294967294,163
4294967279,253
4294967294,9
4294967294,99
4294967294,76
4294967294,51
4294967294,1035
4294967294,82
4294967294,1023
4294967294,5
4294967278,132
4294967278,131
4294967278,130
4294967278,126
4294967278,125
4294967278,124
4294967278,122
4294967278,121
4294967278,120
4294967278,246
4294967278,119
4294967278,244
4294967278,118
4294967278,242
4294967278,117
4294967278,116
4294967278,115
4294967278,114
4294967278,113
4294967278,112
4294967278,111
4294967278,110
4294967278,109
4294967278,108
4294967278,107
4294967278,106
4294967278,105
4294967278,104
4294967278,103
4294967278,102
4294967278,101
4294967278,100
4294967278,99
4294967278,98
4294967278,97
4294967278,96
4294967278,95
4294967278,94
4294967278,93
4294967278,92
4294967278,91
4294967278,90
4294967278,89
4294967278,87
4294967278,86
4294967278,85
4294967278,84
4294967278,83
4294967278,82
4294967278,81
4294967278,80
4294967278,79
4294967278,78
4294967278,77
4294967278,76
4294967278,75
4294967278,74
4294967278,73
4294967278,72
4294967278,71
4294967278,70
4294967278,69
4294967278,68
4294967278,67
4294967278,66
4294967278,65
4294967278,64
4294967278,63
4294967278,62
4294967278,61
4294967278,60
4294967278,59
4294967278,58
4294967278,57
4294967278,56
4294967278,55
4294967278,54
4294967278,53
4294967278,52
4294967278,51
4294967278,50
4294967278,49
4294967278,48
4294967278,47
4294967278,46
4294967278,45
4294967278,44
4294967278,43
4294967278,42
4294967278,41
4294967278,40
4294967278,39
4294967278,38
4294967278,37
4294967278,36
4294967279,22
4294967279,21
4294967279,20
4294967279,19
4294967279,18
4294967279,13
4294967279,11
4294967279,10
4294967279,9
